Prime = 1125899906842553, 5 loops
   16 and 80 are notable, and these results seem stable under repeated runs

0 --> 0.400845 0.402299
1 --> 0.401046 0.4037718
2 --> 0.40057 0.4017856
3 --> 0.400478 0.40218180000000003
4 --> 0.40023 0.40260239999999997
5 --> 0.40065 0.4035118
6 --> 0.40066 0.40305559999999996
7 --> 0.399976 0.4024784
8 --> 0.400651 0.40490380000000004
9 --> 0.400594 0.40189519999999995
10 --> 0.400444 0.402501
11 --> 0.400375 0.401403
12 --> 0.400197 0.4020962
13 --> 0.400747 0.4048248
14 --> 0.400694 0.4031949999999999
15 --> 0.400521 0.404678
16 --> 0.381747 0.3831504
17 --> 0.400663 0.4093664
18 --> 0.400434 0.40182979999999996
19 --> 0.400647 0.40374600000000005
20 --> 0.400806 0.40499739999999995
21 --> 0.400636 0.4016952
22 --> 0.400677 0.40323580000000003
23 --> 0.400583 0.401856
24 --> 0.400781 0.4035247999999999
25 --> 0.400461 0.40181959999999994
26 --> 0.400533 0.4017862
27 --> 0.400306 0.402693
28 --> 0.400528 0.402499
29 --> 0.395819 0.3981312
30 --> 0.400488 0.4049694
31 --> 0.400703 0.4046862
32 --> 0.400543 0.4017406
33 --> 0.400472 0.4137138
34 --> 0.400681 0.40215120000000004
35 --> 0.400583 0.40236780000000005
36 --> 0.40057 0.4019438
37 --> 0.400599 0.402292
38 --> 0.400562 0.40232419999999997
39 --> 0.400648 0.40329599999999993
40 --> 0.40064 0.40344860000000005
41 --> 0.400725 0.4026306
42 --> 0.400651 0.40162820000000005
43 --> 0.400679 0.4029916
44 --> 0.4005 0.4026084
45 --> 0.400627 0.4098376
46 --> 0.400686 0.402557
47 --> 0.400471 0.4029152
48 --> 0.400713 0.403822
49 --> 0.400432 0.40644
50 --> 0.400652 0.4028378
51 --> 0.400672 0.40303199999999995
52 --> 0.400741 0.4018434
53 --> 0.400597 0.40241999999999994
54 --> 0.400709 0.40520639999999997
55 --> 0.400603 0.404957
56 --> 0.400618 0.40217179999999997
57 --> 0.401029 0.40266080000000004
58 --> 0.400662 0.4031204
59 --> 0.400449 0.403345
60 --> 0.400595 0.4019222
61 --> 0.400679 0.40360579999999996
62 --> 0.400909 0.40280580000000005
63 --> 0.40066 0.4100684
64 --> 0.400296 0.4021336
65 --> 0.400846 0.41253019999999996
66 --> 0.400403 0.40243700000000004
67 --> 0.400686 0.40253300000000003
68 --> 0.400634 0.40174199999999993
69 --> 0.400582 0.4026026
70 --> 0.40067 0.4019062000000001
71 --> 0.40063 0.4027048
72 --> 0.400746 0.40265120000000004
73 --> 0.400605 0.40213480000000007
74 --> 0.39809 0.40102000000000004
75 --> 0.396628 0.40502959999999993
76 --> 0.399216 0.4020342
77 --> 0.398667 0.40135339999999997
78 --> 0.397971 0.40162699999999996
79 --> 0.400702 0.4060962
80 --> 0.381547 0.38318739999999996
81 --> 0.400856 0.404256
82 --> 0.400636 0.402665
83 --> 0.400751 0.4022056
84 --> 0.400664 0.404724
85 --> 0.400811 0.403817
86 --> 0.400744 0.40319479999999996
87 --> 0.400654 0.40274960000000004
88 --> 0.400282 0.4023258
89 --> 0.400404 0.4030443999999999
90 --> 0.400444 0.403205
91 --> 0.400681 0.4028884
92 --> 0.400578 0.40358320000000003
93 --> 0.395736 0.40226559999999995
94 --> 0.400655 0.40240780000000004
95 --> 0.400659 0.403003
96 --> 0.400406 0.40230699999999997
97 --> 0.400622 0.401945
98 --> 0.400738 0.40324980000000005
99 --> 0.400709 0.4023548



Prime = 1125899906842553, 10 loops
   16 and 80 no longer seem notable

0 --> 0.400008 0.40377460000000004
1 --> 0.400086 0.4024222
2 --> 0.396819 0.3999568
3 --> 0.400018 0.4025873
4 --> 0.398169 0.4011017
5 --> 0.396321 0.4004447
6 --> 0.396614 0.4001824
7 --> 0.400058 0.4029394
8 --> 0.400149 0.4003075
9 --> 0.397227 0.4005012
10 --> 0.397177 0.40133100000000005
11 --> 0.400019 0.4010371999999999
12 --> 0.400017 0.40165449999999997
13 --> 0.400037 0.4015020000000001
14 --> 0.400026 0.4003508
15 --> 0.400031 0.4010060999999999
16 --> 0.397275 0.40022330000000006
17 --> 0.400113 0.40406509999999995
18 --> 0.396136 0.3995278
19 --> 0.39999 0.40100769999999997
20 --> 0.396305 0.4005186
21 --> 0.39815 0.40158189999999994
22 --> 0.397184 0.40199749999999995
23 --> 0.398709 0.4018727
24 --> 0.400043 0.40306600000000004
25 --> 0.398203 0.40276179999999995
26 --> 0.400014 0.4039854
27 --> 0.400018 0.400081
28 --> 0.396621 0.4003149
29 --> 0.400138 0.40084909999999996
30 --> 0.396378 0.40214000000000005
31 --> 0.400135 0.40237280000000003
32 --> 0.400084 0.4006626
33 --> 0.396337 0.40328210000000003
34 --> 0.397371 0.40254969999999995
35 --> 0.399029 0.40014839999999996
36 --> 0.400022 0.4012629
37 --> 0.400002 0.4009863
38 --> 0.400005 0.40035699999999996
39 --> 0.396336 0.40178670000000005
40 --> 0.399194 0.40263589999999994
41 --> 0.399051 0.4022367
42 --> 0.400002 0.40008089999999996
43 --> 0.397023 0.40042049999999996
44 --> 0.400006 0.4011527999999999
45 --> 0.400021 0.40207709999999997
46 --> 0.400026 0.40394199999999997
47 --> 0.400008 0.40249490000000004
48 --> 0.399991 0.40006240000000004
49 --> 0.39999 0.40305549999999996
50 --> 0.398615 0.4012054
51 --> 0.399997 0.40201000000000003
52 --> 0.396269 0.402752
53 --> 0.400008 0.4018402
54 --> 0.400026 0.4020444
55 --> 0.399991 0.40005630000000003
56 --> 0.397641 0.403508
57 --> 0.399988 0.4002346
58 --> 0.400007 0.40010949999999995
59 --> 0.400011 0.40007950000000003
60 --> 0.39541 0.4052745
61 --> 0.394859 0.39631959999999994
62 --> 0.396725 0.4010146
63 --> 0.400134 0.4038168
64 --> 0.400011 0.4040125
65 --> 0.400183 0.4015257
66 --> 0.397423 0.40313609999999994
67 --> 0.397851 0.4021819
68 --> 0.400047 0.4019769999999999
69 --> 0.400131 0.4016628
70 --> 0.400203 0.4037949
71 --> 0.400144 0.4021923
72 --> 0.400066 0.4027010999999999
73 --> 0.400126 0.4005461
74 --> 0.398386 0.4011705
75 --> 0.400159 0.402031
76 --> 0.397174 0.40166900000000005
77 --> 0.400129 0.4041398
78 --> 0.400131 0.40043740000000005
79 --> 0.398226 0.40275429999999995
80 --> 0.399554 0.40042330000000004
81 --> 0.398977 0.4019005
82 --> 0.400119 0.40213489999999996
83 --> 0.400162 0.4017546
84 --> 0.400135 0.40237540000000005
85 --> 0.400126 0.4035551
86 --> 0.400119 0.4007244
87 --> 0.397357 0.40217480000000005
88 --> 0.400115 0.4025793999999999
89 --> 0.400117 0.40108430000000006
90 --> 0.397427 0.4026109
91 --> 0.399764 0.40119450000000006
92 --> 0.400035 0.40492
93 --> 0.400113 0.40435930000000003
94 --> 0.400115 0.4011718
95 --> 0.400075 0.4028372
96 --> 0.400047 0.40029770000000003
97 --> 0.400032 0.40250769999999997
98 --> 0.397725 0.4018558
99 --> 0.39689 0.4023002



Prime = 4503599627370449
  Again 16 and 80 are notable

0 --> 0.799949 0.801952
1 --> 0.80354 0.8069815
2 --> 0.806215 0.815172
3 --> 0.811445 0.814658
4 --> 0.799577 0.801051
5 --> 0.799687 0.802872
6 --> 0.80007 0.8020475
7 --> 0.800516 0.803525
8 --> 0.809399 0.8133429999999999
9 --> 0.799718 0.8009665
10 --> 0.80381 0.8052365
11 --> 0.799843 0.8010619999999999
12 --> 0.799219 0.800701
13 --> 0.809179 0.819035
14 --> 0.805487 0.8359245
15 --> 0.801774 0.812605
16 --> 0.761918 0.7621215
17 --> 0.798808 0.800539
18 --> 0.798558 0.8004905
19 --> 0.800651 0.800881
20 --> 0.800206 0.802791
21 --> 0.799823 0.801554
22 --> 0.799489 0.801796
23 --> 0.801597 0.80399
24 --> 0.799687 0.80046
25 --> 0.800129 0.8035795
26 --> 0.810407 0.8363005
27 --> 0.800157 0.8016989999999999
28 --> 0.804043 0.812516
29 --> 0.791284 0.79181
30 --> 0.800639 0.8061185
31 --> 0.79964 0.8004955
32 --> 0.803647 0.8087725
33 --> 0.800009 0.804453
34 --> 0.799427 0.800825
35 --> 0.799627 0.8034330000000001
36 --> 0.800621 0.8034950000000001
37 --> 0.800078 0.801077
38 --> 0.799776 0.807243
39 --> 0.800288 0.8013795
40 --> 0.799885 0.801685
41 --> 0.801984 0.808201
42 --> 0.799809 0.801643
43 --> 0.799988 0.802081
44 --> 0.799762 0.8007255
45 --> 0.799766 0.802727
46 --> 0.808984 0.821042
47 --> 0.799773 0.800712
48 --> 0.800225 0.804157
49 --> 0.799297 0.7995985000000001
50 --> 0.80089 0.805866
51 --> 0.800613 0.8035165
52 --> 0.799877 0.8003325
53 --> 0.801059 0.80479
54 --> 0.79993 0.8011345000000001
55 --> 0.800991 0.802991
56 --> 0.801026 0.803831
57 --> 0.800351 0.8134625
58 --> 0.805169 0.8142705
59 --> 0.801287 0.805849
60 --> 0.799783 0.8005645
61 --> 0.801772 0.8076955
62 --> 0.803454 0.8068960000000001
63 --> 0.800556 0.8099565
64 --> 0.804716 0.8096875
65 --> 0.799769 0.800133
66 --> 0.800387 0.8035525
67 --> 0.799993 0.8030375
68 --> 0.799643 0.7997194999999999
69 --> 0.80098 0.8032435
70 --> 0.800469 0.8025025
71 --> 0.800001 0.808282
72 --> 0.800898 0.8135945
73 --> 0.800176 0.8008235
74 --> 0.802878 0.80501
75 --> 0.80048 0.8034235
76 --> 0.797755 0.8014684999999999
77 --> 0.798823 0.8004214999999999
78 --> 0.799253 0.802827
79 --> 0.805136 0.815044
80 --> 0.762725 0.7723450000000001
81 --> 0.800434 0.805156
82 --> 0.799349 0.8003279999999999
83 --> 0.800444 0.801764
84 --> 0.80032 0.8021715
85 --> 0.808844 0.824662
86 --> 0.800127 0.8017245
87 --> 0.801414 0.8037585
88 --> 0.805011 0.8182935
89 --> 0.799996 0.80013
90 --> 0.800149 0.8026595000000001
91 --> 0.799781 0.8004914999999999
92 --> 0.800761 0.803932
93 --> 0.794017 0.7959419999999999
94 --> 0.799648 0.799649
95 --> 0.800077 0.8025555
96 --> 0.800688 0.8015874999999999
97 --> 0.800794 0.80347
98 --> 0.813062 0.834642
99 --> 0.801469 0.8017365000000001


Prime: 4503599627370449, 10 runs, now nothing odd to report
0 --> 0.794704 0.8001051
1 --> 0.798329 0.8002456
2 --> 0.79603 0.7997842
3 --> 0.796227 0.80303
4 --> 0.796402 0.7985555
5 --> 0.794672 0.8000282999999999
6 --> 0.796099 0.8009931
7 --> 0.794954 0.8056315
8 --> 0.796114 0.801853
9 --> 0.798243 0.8013374000000001
10 --> 0.798176 0.7987405
11 --> 0.798228 0.7993592
12 --> 0.79567 0.8012477
13 --> 0.798329 0.8028513
14 --> 0.798315 0.8022022
15 --> 0.794965 0.7999839000000001
16 --> 0.798509 0.8017356000000001
17 --> 0.796209 0.800717
18 --> 0.798169 0.8007641999999999
19 --> 0.797633 0.7995787999999999
20 --> 0.797195 0.7997245
21 --> 0.796339 0.7995084
22 --> 0.798406 0.8007851
23 --> 0.798236 0.8027459
24 --> 0.798157 0.8007565
25 --> 0.798212 0.80091
26 --> 0.796186 0.8028335999999999
27 --> 0.794583 0.8010406000000001
28 --> 0.796311 0.8038149000000001
29 --> 0.797239 0.8016416
30 --> 0.798143 0.8027046
31 --> 0.794771 0.7989092999999999
32 --> 0.798185 0.8002167
33 --> 0.798238 0.79972
34 --> 0.797382 0.8017989999999999
35 --> 0.798352 0.8001715
36 --> 0.796209 0.8025566
37 --> 0.79456 0.8087251999999999
38 --> 0.796616 0.7999141
39 --> 0.797723 0.8016511
40 --> 0.796099 0.8058843
41 --> 0.792775 0.8000256
42 --> 0.798339 0.8021618
43 --> 0.796652 0.800539
44 --> 0.798525 0.8002962
45 --> 0.79841 0.7992546
46 --> 0.79834 0.8039365999999999
47 --> 0.798401 0.8015990999999998
48 --> 0.798188 0.7998531000000001
49 --> 0.798177 0.7995846
50 --> 0.795126 0.8045886999999998
51 --> 0.79493 0.8009966000000001
52 --> 0.798273 0.8012145
53 --> 0.798496 0.8021111
54 --> 0.798138 0.8008900999999999
55 --> 0.798166 0.7998160000000001
56 --> 0.798218 0.7998472
57 --> 0.79526 0.7999194000000001
58 --> 0.796532 0.8003726
59 --> 0.798519 0.8020166
60 --> 0.794902 0.8010074000000001
61 --> 0.789537 0.7929321
62 --> 0.798475 0.8015165
63 --> 0.798407 0.801956
64 --> 0.798324 0.8005765
65 --> 0.796326 0.7997569
66 --> 0.794752 0.8011375
67 --> 0.795545 0.7991234999999999
68 --> 0.798235 0.8024623999999999
69 --> 0.798464 0.8019719000000001
70 --> 0.798361 0.7995245999999999
71 --> 0.798226 0.8010016
72 --> 0.794479 0.7995271
73 --> 0.798581 0.8008856
74 --> 0.796165 0.8001184
75 --> 0.795362 0.8006978
76 --> 0.798606 0.8016662999999999
77 --> 0.796884 0.8031381
78 --> 0.795599 0.8010493999999999
79 --> 0.795126 0.8005758000000001
80 --> 0.794797 0.8031748000000001
81 --> 0.798484 0.8036963
82 --> 0.798608 0.8023553
83 --> 0.799053 0.8013682
84 --> 0.798829 0.8012499
85 --> 0.798873 0.8003502000000001
86 --> 0.799104 0.8012979999999998
87 --> 0.799021 0.8016743
88 --> 0.795079 0.7997751000000002
89 --> 0.798521 0.8054477999999999
90 --> 0.795268 0.8004874000000001
91 --> 0.798509 0.8012426999999999
92 --> 0.798596 0.8008648
93 --> 0.798516 0.8037974999999999
94 --> 0.798558 0.8014191
95 --> 0.794968 0.7998619
96 --> 0.791611 0.8007491
97 --> 0.798592 0.8001304000000001
98 --> 0.79521 0.8000788
99 --> 0.794852 0.8021043999999998


Prime: 17592186044399, 20 runs, nothing odd!
0 --> 0.0497217 0.050138959999999996
1 --> 0.0497111 0.05037104
2 --> 0.0498773 0.05073769
3 --> 0.0497377 0.050083434999999996
4 --> 0.0498966 0.050380925
5 --> 0.0498712 0.0503961
6 --> 0.0498892 0.050047394999999995
7 --> 0.0498855 0.050208514999999995
8 --> 0.0499155 0.050662870000000006
9 --> 0.0498966 0.050082739999999994
10 --> 0.0498802 0.05039157000000001
11 --> 0.0498712 0.05047887000000001
12 --> 0.0498781 0.051075155000000004
13 --> 0.0499467 0.052337234999999996
14 --> 0.049897 0.05100729500000001
15 --> 0.0498753 0.05089940499999999
16 --> 0.0498888 0.050278555
17 --> 0.0498724 0.050751585
18 --> 0.0498794 0.05049808
19 --> 0.0498855 0.05167774499999998
20 --> 0.0498707 0.05043189499999999
21 --> 0.0499278 0.050172114999999996
22 --> 0.0499114 0.0502339
23 --> 0.0498905 0.050705669999999994
24 --> 0.0499114 0.050368874999999994
25 --> 0.049888 0.050222985
26 --> 0.0497923 0.05066289
27 --> 0.0499578 0.05130491499999999
28 --> 0.0498913 0.05100686
29 --> 0.0498761 0.050935604999999995
30 --> 0.0498868 0.0501883
31 --> 0.0498757 0.050396775000000005
32 --> 0.0498847 0.05093833999999999
33 --> 0.0497583 0.050093790000000006
34 --> 0.0498941 0.051240655
35 --> 0.049874 0.05200015499999999
36 --> 0.0498773 0.05043825
37 --> 0.0498777 0.050443525
38 --> 0.0497443 0.05023508000000001
39 --> 0.0498946 0.05074655
40 --> 0.0497418 0.05010591
41 --> 0.0498802 0.05054664000000001
42 --> 0.0494885 0.05053288499999999
43 --> 0.0496581 0.05094978
44 --> 0.0493379 0.050218685
45 --> 0.0497152 0.049991065
46 --> 0.0499085 0.05079029
47 --> 0.0498814 0.050542035
48 --> 0.0498785 0.050875685000000004
49 --> 0.0498888 0.050092795
50 --> 0.0498827 0.05021924
51 --> 0.0499266 0.05074357999999999
52 --> 0.0498675 0.050083504999999987
53 --> 0.0499015 0.050294605000000006
54 --> 0.0499167 0.050142065
55 --> 0.0498769 0.05081179
56 --> 0.0498769 0.05072402499999999
57 --> 0.0499541 0.051110960000000004
58 --> 0.0498695 0.05054431499999999
59 --> 0.0498777 0.050364894999999986
60 --> 0.049872 0.05060146499999999
61 --> 0.0493666 0.049566655
62 --> 0.0499036 0.05080832999999999
63 --> 0.049872 0.05037781
64 --> 0.0498703 0.05002258
65 --> 0.0499237 0.050318129999999996
66 --> 0.0498802 0.050435965000000006
67 --> 0.0498798 0.050124705000000006
68 --> 0.0498026 0.05061687
69 --> 0.0498777 0.051599309999999995
70 --> 0.0499496 0.052597345000000004
71 --> 0.0498929 0.05198859499999999
72 --> 0.0497698 0.05072869
73 --> 0.0498757 0.051344064999999994
74 --> 0.0498732 0.052573865
75 --> 0.0497484 0.050131505
76 --> 0.0498831 0.05049294000000001
77 --> 0.0499188 0.050871535
78 --> 0.0499019 0.050121525
79 --> 0.0499237 0.050629875000000005
80 --> 0.0498835 0.0517913
81 --> 0.0498773 0.053632120000000005
82 --> 0.049918 0.05095058500000001
83 --> 0.0498884 0.053439245
84 --> 0.0498777 0.05063862500000001
85 --> 0.0499024 0.052077554999999984
86 --> 0.0498872 0.0513999
87 --> 0.0498925 0.050359940000000006
88 --> 0.0498851 0.050743715
89 --> 0.0498913 0.053653364999999995
90 --> 0.0498732 0.05056200000000001
91 --> 0.0498625 0.05034829500000001
92 --> 0.0498687 0.051543515
93 --> 0.0499028 0.051434585
94 --> 0.0498888 0.05167387000000001
95 --> 0.0499229 0.050031285
96 --> 0.049881 0.05035520499999999
97 --> 0.0498728 0.05050886
98 --> 0.0498736 0.05016118999999999
99 --> 0.0498843 0.05074143999999999
Time range: 0.0493379 0.0499578
